16	317.000000	310.000000	317.000000	398.000000	305.000000	324.000000	316.000000	314.000000	342.000000	422.000000	311.000000	311.000000	305.000000	305.000000	342.000000	305.000000	307.000000	301.000000	344.000000	308.000000	310.000000	306.000000	311.000000	306.000000	320.000000	304.000000	292.000000	302.000000	295.000000	298.000000	
32	610.000000	642.000000	610.000000	618.000000	626.000000	622.000000	646.000000	634.000000	611.000000	725.000000	610.000000	606.000000	609.000000	607.000000	606.000000	620.000000	615.000000	608.000000	599.000000	605.000000	625.000000	608.000000	606.000000	614.000000	611.000000	610.000000	621.000000	598.000000	610.000000	641.000000	
64	1269.000000	1258.000000	1271.000000	1232.000000	1260.000000	1226.000000	1248.000000	1238.000000	1257.000000	1339.000000	1244.000000	1236.000000	1246.000000	1253.000000	1339.000000	1298.000000	1276.000000	1222.000000	1279.000000	1274.000000	1258.000000	1278.000000	1253.000000	1240.000000	1272.000000	1226.000000	1296.000000	1235.000000	1289.000000	1243.000000	
128	2545.000000	2607.000000	2494.000000	2504.000000	2593.000000	2525.000000	2506.000000	2513.000000	2507.000000	2545.000000	2547.000000	2520.000000	2488.000000	2525.000000	2480.000000	2544.000000	2572.000000	2663.000000	2494.000000	2525.000000	2526.000000	2496.000000	2542.000000	2519.000000	2509.000000	2664.000000	2632.000000	2498.000000	2479.000000	2626.000000	
256	5223.000000	4972.000000	5051.000000	5029.000000	5009.000000	5089.000000	5035.000000	5038.000000	5022.000000	5060.000000	5107.000000	4984.000000	5008.000000	5149.000000	5118.000000	5118.000000	4961.000000	5118.000000	5078.000000	5024.000000	5109.000000	4971.000000	5038.000000	5088.000000	5020.000000	5088.000000	5043.000000	5024.000000	4958.000000	4932.000000	
512	10188.000000	10195.000000	10149.000000	10115.000000	10186.000000	10067.000000	10133.000000	10002.000000	10061.000000	10024.000000	10089.000000	10082.000000	9969.000000	10094.000000	10056.000000	10095.000000	10067.000000	10147.000000	10032.000000	10174.000000	9990.000000	10103.000000	10040.000000	10190.000000	10126.000000	10013.000000	10171.000000	10076.000000	10193.000000	10167.000000	
1024	20405.000000	20536.000000	20886.000000	20340.000000	20181.000000	20395.000000	20285.000000	20470.000000	20320.000000	20369.000000	20342.000000	20221.000000	20274.000000	20275.000000	20383.000000	20265.000000	20267.000000	20328.000000	20536.000000	20756.000000	20766.000000	20151.000000	20427.000000	20532.000000	20668.000000	20224.000000	20284.000000	20460.000000	20304.000000	20442.000000	
2048	41023.000000	41163.000000	41123.000000	41324.000000	40886.000000	40823.000000	40824.000000	40876.000000	40898.000000	41569.000000	40786.000000	40802.000000	40656.000000	40537.000000	40619.000000	40396.000000	40938.000000	40888.000000	40807.000000	41066.000000	41164.000000	40824.000000	40460.000000	40944.000000	40613.000000	40562.000000	40668.000000	41194.000000	41140.000000	40396.000000	
4096	82301.000000	81505.000000	82576.000000	81702.000000	82427.000000	81354.000000	82139.000000	82247.000000	82612.000000	82202.000000	81770.000000	81939.000000	82135.000000	82560.000000	81714.000000	81622.000000	81776.000000	82327.000000	82196.000000	81998.000000	81683.000000	81840.000000	80982.000000	81079.000000	81803.000000	81411.000000	81964.000000	82073.000000	81046.000000	81479.000000	
8192	173254.000000	174455.000000	172620.000000	171241.000000	172526.000000	174546.000000	172380.000000	172004.000000	172465.000000	171988.000000	172562.000000	177317.000000	173825.000000	172337.000000	169131.000000	169733.000000	171208.000000	170746.000000	171507.000000	175299.000000	174619.000000	172618.000000	172863.000000	172776.000000	174145.000000	173435.000000	173294.000000	172389.000000	172678.000000	170811.000000	
16384	335764.000000	331003.000000	331190.000000	331116.000000	337555.000000	331230.000000	334578.000000	336489.000000	335016.000000	331456.000000	327479.000000	330409.000000	332659.000000	346024.000000	335924.000000	329912.000000	341379.000000	329969.000000	336348.000000	330485.000000	334566.000000	332761.000000	333663.000000	338300.000000	323855.000000	332045.000000	334309.000000	329974.000000	330988.000000	335679.000000	
32768	665708.000000	661430.000000	666776.000000	666368.000000	662945.000000	660801.000000	658528.000000	659452.000000	659436.000000	665337.000000	658100.000000	659734.000000	668688.000000	668339.000000	659778.000000	675499.000000	662470.000000	665644.000000	664972.000000	664841.000000	669322.000000	660874.000000	670314.000000	663838.000000	702355.000000	665479.000000	657128.000000	661085.000000	670716.000000	652971.000000	
65536	1311325.000000	1373717.000000	1346603.000000	1353989.000000	1360311.000000	1327586.000000	1336633.000000	1348845.000000	1346708.000000	1335351.000000	1336321.000000	1348166.000000	1335900.000000	1349886.000000	1353705.000000	1342057.000000	1333873.000000	1344473.000000	1331098.000000	1335750.000000	1324180.000000	1344303.000000	1331439.000000	1344332.000000	1339446.000000	1332936.000000	1343959.000000	1343515.000000	1353764.000000	1334792.000000	
131072	2734229.000000	2732760.000000	2707039.000000	2711071.000000	2772821.000000	2705638.000000	2720958.000000	2722160.000000	2726609.000000	2712828.000000	2718814.000000	2711557.000000	2658704.000000	2773606.000000	2716660.000000	2696734.000000	2694177.000000	2712138.000000	2710854.000000	2713605.000000	2713106.000000	2737824.000000	2787950.000000	2729258.000000	2703630.000000	2721298.000000	2695166.000000	2712409.000000	2695993.000000	2687046.000000	
262144	5800101.000000	5632983.000000	5714743.000000	5643185.000000	5676712.000000	5665122.000000	5757791.000000	5694819.000000	5680078.000000	5745722.000000	5743748.000000	5713988.000000	5698915.000000	5680417.000000	5925183.000000	5792652.000000	5691044.000000	5638551.000000	6044632.000000	5777987.000000	5644970.000000	5685682.000000	5968485.000000	5667655.000000	5675630.000000	5679308.000000	5717176.000000	5750948.000000	5672400.000000	5627877.000000	
524288	12080967.000000	11823394.000000	12127325.000000	11966654.000000	12077530.000000	11998183.000000	12016377.000000	11999210.000000	11967837.000000	12015416.000000	12015020.000000	12078499.000000	11626404.000000	12064730.000000	11875331.000000	12032358.000000	12566090.000000	12128048.000000	12053597.000000	12076441.000000	11974753.000000	11842627.000000	11961670.000000	12151712.000000	11970990.000000	11995581.000000	12036011.000000	11755078.000000	11913291.000000	11669251.000000	
1048576	23865805.000000	23282335.000000	23105407.000000	24581138.000000	24678013.000000	23498967.000000	23551477.000000	24319634.000000	23359664.000000	23217077.000000	23271724.000000	25768630.000000	23322804.000000	24851368.000000	24796031.000000	24246772.000000	23317623.000000	22625719.000000	22919088.000000	24248734.000000	24284191.000000	22662964.000000	24018370.000000	23310611.000000	24786308.000000	23095304.000000	25518109.000000	23354419.000000	25117860.000000	24736527.000000	
2097152	50746346.000000	46576514.000000	46619866.000000	48257136.000000	46496731.000000	50062060.000000	48206796.000000	49502866.000000	45743522.000000	48531465.000000	46812932.000000	48066992.000000	50023192.000000	46270394.000000	49981082.000000	50356682.000000	47868960.000000	50497889.000000	47144336.000000	53014419.000000	46465338.000000	50508139.000000	46703387.000000	50099722.000000	50587801.000000	46686206.000000	46114608.000000	46055314.000000	47432777.000000	46174918.000000	
4194304	91646846.000000	91493251.000000	93384291.000000	92609730.000000	93394915.000000	93062680.000000	90198619.000000	92963272.000000	95244244.000000	93101691.000000	91234122.000000	101054400.000000	100789840.000000	92541666.000000	100986761.000000	100524980.000000	91943187.000000	97574437.000000	97631497.000000	114430356.000000	99097231.000000	94090844.000000	105056539.000000	101184016.000000	92160581.000000	91519166.000000	98243560.000000	98929708.000000	119618790.000000	91529887.000000	
